0.18684
0.082471
0.066463
0.0553
0.040267
0.03071
0.029198
0.025195
0.022832
0.021376
0.020306
0.019602
0.016851
0.012691
0.011697
0.011637
0.011573
0.011481
0.010978
0.010211
0.01018
0.009957
0.009952
0.009766
0.009666
0.008521
0.008263
0.00823
0.008222
0.008048
0.007937
0.007617
0.007327
0.006915
0.006636
0.006409
0.006404
0.006219
0.006166
0.006046
0.006037
0.005772
0.005762
0.005731
0.005685
0.005509
0.005139
0.004926
0.004871
0.004772
0.004346
0.004181
0.004166
0.003993
0.003939
0.003924
0.003897
0.00381
0.003604
0.003278
0.003226
0.003211
0.003082
0.003078
0.003049
0.002924
0.002771
0.002633
0.002527
0.002497
0.002402
0.002305
0.002294
0.002245
0.002242
0.002098
0.002068
0.002038
0.001922
0.001884
